V 54
K 1
D 0 -1778000 3302000 0
Y 1
U 2921000 762000 254000 0 2 3 REFDES=IC?
U 2921000 508000 254000 0 2 3 DEVICE=ADS112C04IPW
U 2921000 254000 254000 0 2 0 PKG_TYPE=SOP65P640X120-16N
U 2921000 0 254000 0 2 0 Description=Analog to Digital Converters - ADC 16-Bit 2kSPS 4-Ch Low-Power Delta-Sigma ADC With PGA, Voltage Reference, IDACs, and I2C Interface 16-TSSOP -40 to 125
U 2921000 -254000 254000 0 2 0 Datasheet Link=https://datasheet.datasheetarchive.com/originals/distributors/DKDS41/DSANUWW0029291.pdf
U 2921000 -508000 254000 0 2 0 Height=1.2
U 2921000 -762000 254000 0 2 0 Mouser Part Number=595-ADS112C04IPW
U 2921000 -1016000 254000 0 2 0 Mouser Price/Stock=https://www.mouser.co.uk/ProductDetail/Texas-Instruments/ADS112C04IPW?qs=55YtniHzbhAHI%252BSH3qtesg%3D%3D
U 2921000 -1270000 254000 0 2 0 Manufacturer_Name=Texas Instruments
U 2921000 -1524000 254000 0 2 0 Manufacturer_Part_Number=ADS112C04IPW
U 0 0 254000 0 1 0 FORWARD_PCB=1
l 5 508000 254000 2794000 254000 2794000 -2032000 508000 -2032000 508000 254000
|GRPHSTL -1 -1 -1 1
P 1 0 0 508000 0 0 2 0
L 584200 0 228600 0 2 0 1 0 A0
A 355600 50800 203200 0 9 3 #=1
A 0 0 9 0 3 0 PINTYPE=BI
P 2 0 -254000 508000 -254000 0 2 0
L 584200 -254000 228600 0 2 0 1 0 A1
A 355600 -203200 203200 0 9 3 #=2
A 0 0 9 0 3 0 PINTYPE=BI
P 3 0 -508000 508000 -508000 0 2 0
L 584200 -508000 228600 0 2 0 1 0 ~RESET
A 355600 -457200 203200 0 9 3 #=3
A 0 0 9 0 3 0 PINTYPE=BI
P 4 0 -762000 508000 -762000 0 2 0
L 584200 -762000 228600 0 2 0 1 0 DGND
A 355600 -711200 203200 0 9 3 #=4
A 0 0 9 0 3 0 PINTYPE=BI
P 5 0 -1016000 508000 -1016000 0 2 0
L 584200 -1016000 228600 0 2 0 1 0 AVSS
A 355600 -965200 203200 0 9 3 #=5
A 0 0 9 0 3 0 PINTYPE=BI
P 6 0 -1270000 508000 -1270000 0 2 0
L 584200 -1270000 228600 0 2 0 1 0 AIN3
A 355600 -1219200 203200 0 9 3 #=6
A 0 0 9 0 3 0 PINTYPE=BI
P 7 0 -1524000 508000 -1524000 0 2 0
L 584200 -1524000 228600 0 2 0 1 0 AIN2
A 355600 -1473200 203200 0 9 3 #=7
A 0 0 9 0 3 0 PINTYPE=BI
P 8 0 -1778000 508000 -1778000 0 2 0
L 584200 -1778000 228600 0 2 0 1 0 REFN
A 355600 -1727200 203200 0 9 3 #=8
A 0 0 9 0 3 0 PINTYPE=BI
P 9 3302000 0 2794000 0 0 3 0
L 2717800 0 228600 0 8 0 1 0 SCL
A 2946400 50800 203200 0 3 3 #=16
A 0 0 9 0 3 0 PINTYPE=BI
P 10 3302000 -254000 2794000 -254000 0 3 0
L 2717800 -254000 228600 0 8 0 1 0 SDA
A 2946400 -203200 203200 0 3 3 #=15
A 0 0 9 0 3 0 PINTYPE=BI
P 11 3302000 -508000 2794000 -508000 0 3 0
L 2717800 -508000 228600 0 8 0 1 0 ~DRDY
A 2946400 -457200 203200 0 3 3 #=14
A 0 0 9 0 3 0 PINTYPE=BI
P 12 3302000 -762000 2794000 -762000 0 3 0
L 2717800 -762000 228600 0 8 0 1 0 DVDD
A 2946400 -711200 203200 0 3 3 #=13
A 0 0 9 0 3 0 PINTYPE=BI
P 13 3302000 -1016000 2794000 -1016000 0 3 0
L 2717800 -1016000 228600 0 8 0 1 0 AVDD
A 2946400 -965200 203200 0 3 3 #=12
A 0 0 9 0 3 0 PINTYPE=BI
P 14 3302000 -1270000 2794000 -1270000 0 3 0
L 2717800 -1270000 228600 0 8 0 1 0 AIN0
A 2946400 -1219200 203200 0 3 3 #=11
A 0 0 9 0 3 0 PINTYPE=BI
P 15 3302000 -1524000 2794000 -1524000 0 3 0
L 2717800 -1524000 228600 0 8 0 1 0 AIN1
A 2946400 -1473200 203200 0 3 3 #=10
A 0 0 9 0 3 0 PINTYPE=BI
P 16 3302000 -1778000 2794000 -1778000 0 3 0
L 2717800 -1778000 228600 0 8 0 1 0 REFP
A 2946400 -1727200 203200 0 3 3 #=9
A 0 0 9 0 3 0 PINTYPE=BI
E
